
Instance: metric37_wide
  k = 37,  37 agents

  Agent memberships:
    agent  0  sets=                   [1, 2]
    agent  1  sets=                [2, 3, 6]
    agent  2  sets=[1, 3, 4, 7, 9, 11, 13, 15, 17, 19, 21, 23, 25, 27, 29, 31, 33, 35]
    agent  3  sets=[2, 4, 5, 8, 10, 12, 14, 16]
    agent  4  sets=[1, 3, 5, 6, 9, 11, 13, 15, 17, 19, 21, 23, 25, 27, 29, 31, 33, 35]
    agent  5  sets=[2, 4, 6, 7, 10, 12, 14, 16, 18]
    agent  6  sets=[1, 3, 5, 7, 8, 11, 13, 15, 17, 19, 21, 23, 25, 27, 29, 31, 33, 35]
    agent  7  sets=[2, 4, 6, 8, 9, 12, 14, 16]
    agent  8  sets=[1, 3, 5, 7, 9, 10, 13, 15, 17, 19, 21, 23, 25, 27, 29, 31, 33, 35]
    agent  9  sets=[2, 4, 6, 8, 10, 11, 14, 16, 18]
    agent 10  sets=[1, 3, 5, 7, 9, 11, 12, 15, 17, 19, 21, 23, 25, 27, 29, 31, 33, 35]
    agent 11  sets=[2, 4, 6, 8, 10, 12, 13, 24]
    agent 12  sets=[1, 3, 5, 7, 9, 11, 13, 14, 17, 19, 21, 23, 25, 27, 29, 31, 33, 35]
    agent 13  sets=[2, 4, 6, 8, 10, 12, 14, 15, 18, 20, 24]
    agent 14  sets=[1, 3, 5, 7, 9, 11, 13, 15, 16, 19, 21, 23, 25, 27, 29, 31, 33, 35]
    agent 15  sets=[2, 4, 6, 8, 10, 12, 14, 16, 17, 20, 22, 24]
    agent 16  sets=[1, 3, 5, 7, 9, 11, 13, 15, 17, 18, 21, 23, 25, 27, 29, 31, 33, 35]
    agent 17  sets=[2, 4, 6, 8, 10, 12, 14, 16, 18, 19, 22, 24]
    agent 18  sets=[1, 3, 5, 7, 9, 11, 13, 15, 17, 19, 20, 23, 25, 27, 29, 31, 33, 35]
    agent 19  sets=[2, 4, 6, 8, 10, 12, 14, 16, 18, 20, 21, 24, 30]
    agent 20  sets=[1, 3, 5, 7, 9, 11, 13, 15, 17, 19, 21, 22, 25, 27, 29, 31, 33, 35]
    agent 21  sets=[2, 4, 6, 8, 10, 12, 14, 16, 18, 20, 22, 23, 28, 30]
    agent 22  sets=[1, 3, 5, 7, 9, 11, 13, 15, 17, 19, 21, 23, 24, 27, 29, 31, 33, 35]
    agent 23  sets=[2, 4, 6, 8, 10, 12, 14, 16, 18, 20, 22, 24, 25, 28, 30, 32]
    agent 24  sets=[1, 3, 5, 7, 9, 11, 13, 15, 17, 19, 21, 23, 25, 26, 29, 31, 33, 35]
    agent 25  sets=[2, 4, 6, 8, 10, 12, 14, 16, 18, 20, 22, 24, 26, 27, 30, 32, 34]
    agent 26  sets=[1, 3, 5, 7, 9, 11, 13, 15, 17, 19, 21, 23, 25, 27, 28, 31, 33, 35]
    agent 27  sets=[2, 4, 6, 8, 10, 12, 14, 16, 18, 20, 22, 24, 26, 28, 29, 32, 34]
    agent 28  sets=[1, 3, 5, 7, 9, 11, 13, 15, 17, 19, 21, 23, 25, 27, 29, 30, 33, 35]
    agent 29  sets=[2, 4, 6, 8, 10, 12, 14, 16, 18, 20, 22, 24, 26, 28, 30, 31, 34]
    agent 30  sets=[1, 3, 5, 7, 9, 11, 13, 15, 17, 19, 21, 23, 25, 27, 29, 31, 32, 35]
    agent 31  sets=[2, 4, 6, 8, 10, 12, 14, 16, 18, 20, 22, 24, 26, 28, 30, 32, 33]
    agent 32  sets=[1, 3, 5, 7, 9, 11, 13, 15, 17, 19, 21, 23, 25, 27, 29, 31, 33, 34, 36]
    agent 33  sets=[2, 4, 6, 8, 10, 12, 14, 16, 18, 20, 22, 24, 26, 28, 30, 32, 34, 35]
    agent 34  sets=[2, 5, 7, 9, 11, 13, 15, 17, 19, 21, 23, 25, 27, 29, 31, 33, 35, 36]
    agent 35  sets=[0, 2, 4, 6, 8, 10, 12, 14, 16, 18, 20, 22, 24, 26, 28, 30, 32, 34, 36]
    agent 36  sets=[0, 1, 3, 5, 7, 9, 11, 13, 15, 17, 19, 21, 23, 25, 27, 29, 31, 33, 35]
Binary search for max feasible alpha in [1.0, 2.42]
  instance = metric37_wide
  k = 37,  37 agents
=================================================================
Set parameter Username
Set parameter LicenseID to value 2811430
Academic license - for non-commercial use only - expires 2027-04-21
  iter   0:  alpha = 1.71000000   FEASIBLE     [1.00000000, 2.42000000]
  iter   1:  alpha = 2.06500000   FEASIBLE     [1.71000000, 2.42000000]
  iter   2:  alpha = 2.24250000   infeasible   [2.06500000, 2.42000000]
  iter   3:  alpha = 2.15375000   infeasible   [2.06500000, 2.24250000]
  iter   4:  alpha = 2.10937500   FEASIBLE     [2.06500000, 2.15375000]
  iter   5:  alpha = 2.13156250   FEASIBLE     [2.10937500, 2.15375000]
  iter   6:  alpha = 2.14265625   FEASIBLE     [2.13156250, 2.15375000]
  iter   7:  alpha = 2.14820312   FEASIBLE     [2.14265625, 2.15375000]
  iter   8:  alpha = 2.15097656   infeasible   [2.14820312, 2.15375000]
  iter   9:  alpha = 2.14958984   FEASIBLE     [2.14820312, 2.15097656]
  iter  10:  alpha = 2.15028320   FEASIBLE     [2.14958984, 2.15097656]
  iter  11:  alpha = 2.15062988   FEASIBLE     [2.15028320, 2.15097656]
  iter  12:  alpha = 2.15080322   FEASIBLE     [2.15062988, 2.15097656]
  iter  13:  alpha = 2.15088989   infeasible   [2.15080322, 2.15097656]
  iter  14:  alpha = 2.15084656   infeasible   [2.15080322, 2.15088989]
  iter  15:  alpha = 2.15082489   FEASIBLE     [2.15080322, 2.15084656]
  iter  16:  alpha = 2.15083572   infeasible   [2.15082489, 2.15084656]
  iter  17:  alpha = 2.15083031   infeasible   [2.15082489, 2.15083572]
  iter  18:  alpha = 2.15082760   FEASIBLE     [2.15082489, 2.15083031]
  iter  19:  alpha = 2.15082895   FEASIBLE     [2.15082760, 2.15083031]
  iter  20:  alpha = 2.15082963   FEASIBLE     [2.15082895, 2.15083031]
=================================================================
  Max alpha approximately 2.15082963

  Solution at alpha = 2.15082963
  k = 37,  37 agents

Finding weights for k=37, 37 agents ...
  Feasible!

  k = 37,  37 agents

  Weights:
    agent  0  sets=                   [1, 2]   w = 0.00000200
    agent  1  sets=                [2, 3, 6]   w = 0.00000200
    agent  2  sets=[1, 3, 4, 7, 9, 11, 13, 15, 17, 19, 21, 23, 25, 27, 29, 31, 33, 35]   w = 0.00934000
    agent  3  sets=[2, 4, 5, 8, 10, 12, 14, 16]   w = 0.00000600
    agent  4  sets=[1, 3, 5, 6, 9, 11, 13, 15, 17, 19, 21, 23, 25, 27, 29, 31, 33, 35]   w = 0.00934400
    agent  5  sets=[2, 4, 6, 7, 10, 12, 14, 16, 18]   w = 0.00001000
    agent  6  sets=[1, 3, 5, 7, 8, 11, 13, 15, 17, 19, 21, 23, 25, 27, 29, 31, 33, 35]   w = 0.00935000
    agent  7  sets=[2, 4, 6, 8, 9, 12, 14, 16]   w = 0.00001600
    agent  8  sets=[1, 3, 5, 7, 9, 10, 13, 15, 17, 19, 21, 23, 25, 27, 29, 31, 33, 35]   w = 0.00935600
    agent  9  sets=[2, 4, 6, 8, 10, 11, 14, 16, 18]   w = 0.00002200
    agent 10  sets=[1, 3, 5, 7, 9, 11, 12, 15, 17, 19, 21, 23, 25, 27, 29, 31, 33, 35]   w = 0.00936200
    agent 11  sets=[2, 4, 6, 8, 10, 12, 13, 24]   w = 0.00002800
    agent 12  sets=[1, 3, 5, 7, 9, 11, 13, 14, 17, 19, 21, 23, 25, 27, 29, 31, 33, 35]   w = 0.00936800
    agent 13  sets=[2, 4, 6, 8, 10, 12, 14, 15, 18, 20, 24]   w = 0.00003400
    agent 14  sets=[1, 3, 5, 7, 9, 11, 13, 15, 16, 19, 21, 23, 25, 27, 29, 31, 33, 35]   w = 0.00940200
    agent 15  sets=[2, 4, 6, 8, 10, 12, 14, 16, 17, 20, 22, 24]   w = 0.00006800
    agent 16  sets=[1, 3, 5, 7, 9, 11, 13, 15, 17, 18, 21, 23, 25, 27, 29, 31, 33, 35]   w = 0.00945800
    agent 17  sets=[2, 4, 6, 8, 10, 12, 14, 16, 18, 19, 22, 24]   w = 0.00012400
    agent 18  sets=[1, 3, 5, 7, 9, 11, 13, 15, 17, 19, 20, 23, 25, 27, 29, 31, 33, 35]   w = 0.00954600
    agent 19  sets=[2, 4, 6, 8, 10, 12, 14, 16, 18, 20, 21, 24, 30]   w = 0.00021200
    agent 20  sets=[1, 3, 5, 7, 9, 11, 13, 15, 17, 19, 21, 22, 25, 27, 29, 31, 33, 35]   w = 0.00966800
    agent 21  sets=[2, 4, 6, 8, 10, 12, 14, 16, 18, 20, 22, 23, 28, 30]   w = 0.00033400
    agent 22  sets=[1, 3, 5, 7, 9, 11, 13, 15, 17, 19, 21, 23, 24, 27, 29, 31, 33, 35]   w = 0.00972800
    agent 23  sets=[2, 4, 6, 8, 10, 12, 14, 16, 18, 20, 22, 24, 25, 28, 30, 32]   w = 0.00039400
    agent 24  sets=[1, 3, 5, 7, 9, 11, 13, 15, 17, 19, 21, 23, 25, 26, 29, 31, 33, 35]   w = 0.01058800
    agent 25  sets=[2, 4, 6, 8, 10, 12, 14, 16, 18, 20, 22, 24, 26, 27, 30, 32, 34]   w = 0.00125400
    agent 26  sets=[1, 3, 5, 7, 9, 11, 13, 15, 17, 19, 21, 23, 25, 27, 28, 31, 33, 35]   w = 0.01111400
    agent 27  sets=[2, 4, 6, 8, 10, 12, 14, 16, 18, 20, 22, 24, 26, 28, 29, 32, 34]   w = 0.00178000
    agent 28  sets=[1, 3, 5, 7, 9, 11, 13, 15, 17, 19, 21, 23, 25, 27, 29, 30, 33, 35]   w = 0.01142800
    agent 29  sets=[2, 4, 6, 8, 10, 12, 14, 16, 18, 20, 22, 24, 26, 28, 30, 31, 34]   w = 0.00209400
    agent 30  sets=[1, 3, 5, 7, 9, 11, 13, 15, 17, 19, 21, 23, 25, 27, 29, 31, 32, 35]   w = 0.01228800
    agent 31  sets=[2, 4, 6, 8, 10, 12, 14, 16, 18, 20, 22, 24, 26, 28, 30, 32, 33]   w = 0.00295400
    agent 32  sets=[1, 3, 5, 7, 9, 11, 13, 15, 17, 19, 21, 23, 25, 27, 29, 31, 33, 34, 36]   w = 0.01354200
    agent 33  sets=[2, 4, 6, 8, 10, 12, 14, 16, 18, 20, 22, 24, 26, 28, 30, 32, 34, 35]   w = 0.00420800
    agent 34  sets=[2, 5, 7, 9, 11, 13, 15, 17, 19, 21, 23, 25, 27, 29, 31, 33, 35, 36]   w = 0.00933600
    agent 35  sets=[0, 2, 4, 6, 8, 10, 12, 14, 16, 18, 20, 22, 24, 26, 28, 30, 32, 34, 36]   w = 0.47712300
    agent 36  sets=[0, 1, 3, 5, 7, 9, 11, 13, 15, 17, 19, 21, 23, 25, 27, 29, 31, 33, 35]   w = 0.33711700

  Set coverage:
    C_0:  0.81424000  (OK)
    C_1:  0.50000100  (OK)
    C_2:  0.50000100  (OK)
    C_3:  0.50000100  (OK)
    C_4:  0.50000100  (OK)
    C_5:  0.50000100  (OK)
    C_6:  0.50000100  (OK)
    C_7:  0.50000100  (OK)
    C_8:  0.50000100  (OK)
    C_9:  0.50000100  (OK)
    C_10:  0.50000100  (OK)
    C_11:  0.50000100  (OK)
    C_12:  0.50000100  (OK)
    C_13:  0.50000100  (OK)
    C_14:  0.50000100  (OK)
    C_15:  0.50000100  (OK)
    C_16:  0.50000100  (OK)
    C_17:  0.50000100  (OK)
    C_18:  0.50000100  (OK)
    C_19:  0.50000100  (OK)
    C_20:  0.50000100  (OK)
    C_21:  0.50000100  (OK)
    C_22:  0.50000100  (OK)
    C_23:  0.50000100  (OK)
    C_24:  0.50000100  (OK)
    C_25:  0.50000100  (OK)
    C_26:  0.50000100  (OK)
    C_27:  0.50000100  (OK)
    C_28:  0.50000100  (OK)
    C_29:  0.50000100  (OK)
    C_30:  0.50000100  (OK)
    C_31:  0.50000100  (OK)
    C_32:  0.50000100  (OK)
    C_33:  0.50000100  (OK)
    C_34:  0.50000100  (OK)
    C_35:  0.50000100  (OK)
    C_36:  0.50000100  (OK)

  Sum of weights: 1.00000000
  Minimum coverage: 0.50000100
